texture	size	rgba_avg	pixels	rgb_stddev	stddev
jack_o_lantern.png	16x16	214,152,52,0	256	37.430,53.291,46.021	45.580
composter_side.png	16x16	112,70,31,0	256	37.080,27.672,20.840	28.531
frosted_ice_0.png	16x16	140,181,252,32	256	17.073,11.172,1.670	9.972
red_terracotta.png	16x16	143,61,46,0	256	2.507,2.159,1.800	2.155
potatoes_stage0.png	16x16	58,129,40,0	15	21.299,30.479,3.262	18.346
beetroots_stage3.png	16x16	93,91,30,0	116	45.750,52.246,16.221	38.072
end_rod.png	16x16	205,196,185,0	66	56.327,56.721,52.670	55.239
lilac_top.png	16x16	154,125,147,0	75	62.410,22.362,77.262	54.011
orange_concrete.png	16x16	224,97,0,0	256	0.920,0.942,0.973	0.945
tripwire_hook.png	16x16	142,133,118,0	46	20.981,13.835,27.126	20.647
dead_brain_coral_block.png	16x16	124,117,114,0	256	22.424,21.588,19.976	21.329
slime_block.png	16x16	0,0,2,0	256	0.000,0.000,1.292	0.431
fire_coral.png	16x16	166,37,46,0	109	38.334,12.432,6.994	19.253
white_stained_glass_pane_top.png	16x16	246,246,246,12	32	6.871,6.871,6.871	6.871
soul_torch.png	16x16	109,115,89,0	20	56.732,65.664,75.727	66.041
loom_side.png	16x16	145,101,72,0	256	33.607,37.204,19.311	30.041
structure_block_data.png	16x16	79,65,80,0	256	71.854,59.632,71.120	67.535
loom_bottom.png	16x16	76,60,36,0	256	19.855,15.677,8.639	14.723
dried_kelp_bottom.png	16x16	50,58,38,0	256	36.542,33.461,31.220	33.741
red_tulip.png	16x16	89,128,32,0	49	65.106,43.941,18.273	42.440
gray_concrete_powder.png	16x16	76,81,84,0	256	4.780,6.087,6.059	5.642
brain_coral.png	16x16	197,84,152,0	112	29.300,34.572,26.830	30.234
crimson_nylium.png	16x16	130,31,31,0	256	21.268,22.101,22.122	21.830
sweet_berry_bush_stage2.png	16x16	59,88,56,0	145	39.597,30.251,21.869	30.573
potatoes_stage1.png	16x16	68,131,42,0	26	28.939,25.760,6.824	20.507
repeater.png	16x16	160,157,156,0	256	35.555,47.765,47.693	43.671
pink_wool.png	16x16	237,141,172,0	256	8.575,22.142,16.760	15.826
stripped_oak_log_top.png	16x16	160,129,77,0	256	22.050,17.884,14.028	17.988
lectern_front.png	16x16	129,100,55,0	256	44.192,37.028,27.559	36.260
redstone_ore.png	16x16	133,107,107,0	256	27.718,44.891,44.891	39.167
dropper_front.png	16x16	122,121,121,0	256	46.323,46.790,46.790	46.635
kelp_plant.png	16x320	86,130,42,0	1990	6.861,28.902,9.038	14.934
brown_stained_glass_pane_top.png	16x16	97,73,48,12	32	2.822,2.026,1.244	2.031
respawn_anchor_side3.png	16x16	47,30,66,0	256	46.152,37.553,51.643	45.116
tnt_top.png	16x16	142,62,53,0	256	71.956,42.122,44.111	52.730
dead_horn_coral_fan.png	16x16	134,125,121,0	94	19.524,20.662,19.860	20.015
respawn_anchor_side1.png	16x16	42,26,64,0	256	37.806,30.564,51.297	39.889
command_block_side.png	16x64	177,133,107,0	1024	37.604,39.758,54.689	44.017
soul_fire_0.png	16x512	51,192,197,0	4723	86.630,42.584,41.757	56.990
red_nether_bricks.png	16x16	69,7,9,0	256	21.930,7.475,8.105	12.503
cartography_table_side2.png	16x16	82,61,42,0	256	49.819,45.729,54.716	50.088
barrel_bottom.png	16x16	121,89,51,0	256	16.843,13.043,8.840	12.908
bookshelf.png	16x16	117,94,59,0	256	58.028,48.404,46.097	50.843
cauldron_top.png	16x16	73,72,74,0	156	16.081,15.029,13.342	14.817
loom_front.png	16x16	148,118,82,0	256	43.151,37.615,34.653	38.473
acacia_log_top.png	16x16	150,88,55,0	256	38.218,9.424,11.444	19.695
dead_bush.png	16x16	107,78,40,0	78	28.678,17.082,4.404	16.721
crimson_trapdoor.png	16x16	103,50,72,0	216	26.451,9.597,15.374	17.140
bell_bottom.png	16x16	188,148,42,0	64	57.229,49.022,32.005	46.085
birch_planks.png	16x16	192,175,121,0	256	20.815,20.928,13.736	18.493
wheat_stage1.png	16x16	0,0,0,0	256	0.000,0.000,0.964	0.321
gray_terracotta.png	16x16	57,42,35,0	256	1.012,1.195,0.819	1.009
crimson_roots.png	16x16	126,8,41,0	91	34.357,4.087,9.422	15.955
redstone_dust_line1.png	16x16	240,240,240,0	22	14.265,14.265,14.265	14.265
light_gray_stained_glass.png	16x16	153,153,153,68	256	0.000,0.000,0.000	0.000
shroomlight.png	16x16	240,146,70,0	256	19.050,49.086,56.978	41.705
light_gray_stained_glass_pane_top.png	16x16	147,147,147,12	32	4.052,4.052,4.052	4.052
cactus_bottom.png	16x16	143,170,85,0	196	82.001,52.809,40.999	58.603
nether_portal.png	16x512	87,10,191,31	8192	25.763,14.898,16.791	19.151
cyan_concrete.png	16x16	21,119,136,0	256	0.611,0.708,0.738	0.686
blast_furnace_front.png	16x16	107,107,107,0	256	39.655,40.075,39.563	39.764
bee_nest_front_honey.png	16x16	194,151,75,0	256	52.174,49.117,27.053	42.781
piston_top_sticky.png	16x16	122,149,92,0	256	47.753,45.603,49.733	47.696
magenta_concrete_powder.png	16x16	192,83,184,0	256	9.694,10.954,10.158	10.269
potatoes_stage2.png	16x16	85,129,47,0	45	41.186,23.629,10.654	25.156
light_gray_glazed_terracotta.png	16x16	144,166,167,0	256	62.317,39.459,38.792	46.856
iron_bars.png	16x16	136,139,135,0	116	33.585,32.314,34.500	33.466
mushroom_stem.png	16x16	203,196,185,0	256	6.317,5.874,8.892	7.028
basalt_side.png	16x16	73,72,77,0	256	18.059,16.171,11.836	15.355
red_concrete_powder.png	16x16	168,54,50,0	256	9.288,5.405,4.147	6.280
tube_coral_block.png	16x16	49,87,206,0	256	11.995,21.763,29.821	21.193
blue_stained_glass.png	16x16	51,76,178,66	256	0.000,0.000,0.000	0.000
honey_block_bottom.png	16x16	241,146,17,63	256	8.692,24.070,13.561	15.441
pumpkin_top.png	16x16	198,118,24,0	256	29.295,24.793,15.667	23.252
quartz_block_bottom.png	16x16	236,230,223,0	256	1.817,3.264,5.059	3.380
chorus_plant.png	16x16	93,57,93,0	256	25.158,28.074,25.146	26.126
stonecutter_saw.png	16x48	222,222,222,0	246	34.615,34.615,34.615	34.615
sweet_berry_bush_stage1.png	16x16	47,94,57,0	139	13.839,21.505,13.925	16.423
soul_campfire_fire.png	16x128	80,204,208,0	999	72.826,39.846,39.379	50.684
crimson_nylium_side.png	16x16	107,26,26,0	256	27.638,18.641,19.069	21.783
end_stone_bricks.png	16x16	218,224,162,0	256	18.943,25.934,20.778	21.885
stonecutter_side.png	16x16	106,90,78,0	144	20.295,34.113,45.541	33.316
repeating_command_block_back.png	16x64	128,109,166,0	1024	42.510,49.435,48.056	46.667
bell_side.png	16x16	252,229,96,0	58	8.156,21.796,46.998	25.650
coal_ore.png	16x16	116,116,116,0	256	25.772,25.772,25.772	25.772
tall_seagrass_bottom.png	16x304	45,117,4,0	2665	13.034,22.466,11.627	15.709
vine.png	16x16	116,116,116,0	146	28.212,28.212,28.212	28.212
cake_inner.png	16x16	133,84,60,0	112	56.446,72.000,71.372	66.606
poppy.png	16x16	128,64,37,0	35	85.887,32.096,8.045	42.009
black_shulker_box.png	16x16	25,25,29,0	256	6.643,6.134,5.966	6.248
cyan_concrete_powder.png	16x16	36,147,157,0	256	1.856,11.455,8.517	7.276
redstone_lamp.png	16x16	95,54,30,0	256	44.615,27.658,14.355	28.876
cake_side.png	16x16	203,151,121,0	112	48.105,84.460,100.176	77.581
jigsaw_side.png	16x16	62,53,63,0	256	64.357,54.641,63.997	60.998
brewing_stand.png	16x16	123,101,81,0	126	67.968,65.193,59.653	64.272
cactus_top.png	16x16	85,127,43,0	196	24.074,23.919,20.827	22.940
crafting_table_front.png	16x16	129,105,70,0	256	66.089,61.613,55.172	60.958
smoker_side.png	16x16	102,91,75,0	256	26.855,28.112,37.146	30.704
cyan_glazed_terracotta.png	16x16	52,118,125,0	256	52.485,48.472,47.611	49.523
sunflower_bottom.png	16x16	56,135,30,0	57	25.389,19.539,17.193	20.707
brain_coral_fan.png	16x16	202,84,153,0	95	21.928,23.762,18.762	21.484
red_sandstone.png	16x16	186,99,29,0	256	17.754,13.532,11.214	14.167
structure_block_save.png	16x16	86,71,87,0	256	71.250,58.375,70.501	66.708
red_sandstone_top.png	16x16	181,97,31,0	256	7.754,5.486,3.709	5.649
glass.png	16x16	175,213,219,0	65	32.999,20.757,15.324	23.027
soul_lantern.png	16x48	71,99,114,0	318	37.367,61.236,56.132	51.579
blackstone.png	16x16	42,35,40,0	256	13.174,15.873,19.478	16.175
torch.png	16x16	138,113,63,0	20	69.563,64.007,56.094	63.221
beacon.png	16x16	117,220,215,0	256	79.624,23.225,27.601	43.483
smithing_table_bottom.png	16x16	64,28,23,0	256	13.418,3.658,3.491	6.856
daylight_detector_side.png	16x16	66,55,35,0	256	12.093,8.876,5.514	8.828
cauldron_side.png	16x16	74,73,74,0	256	15.473,14.929,13.218	14.540
bubble_coral.png	16x16	161,23,159,0	133	35.205,16.451,25.992	25.883
dark_oak_leaves.png	16x16	150,150,150,0	179	27.576,29.531,27.576	28.228
wheat_stage3.png	16x16	0,0,0,0	256	0.000,0.000,2.062	0.687
smithing_table_side.png	16x16	55,35,35,0	256	25.511,15.687,19.340	20.179
acacia_door_top.png	16x16	167,95,60,0	184	35.421,19.808,16.211	23.813
cyan_shulker_box.png	16x16	20,121,135,0	256	2.620,15.309,13.325	10.418
destroy_stage_2.png	16x16	97,97,97,0	18	47.153,47.153,47.153	47.153
honey_block_top.png	16x16	251,185,52,32	256	3.046,21.435,35.293	19.925
warped_roots_pot.png	16x16	20,136,123,0	71	1.999,29.925,18.247	16.724
seagrass.png	16x288	50,126,8,0	1372	15.005,22.335,14.821	17.387
oak_door_bottom.png	16x16	138,108,62,0	256	30.370,24.239,16.573	23.727
red_shulker_box.png	16x16	140,31,30,0	256	16.417,6.288,4.953	9.219
green_terracotta.png	16x16	76,83,42,0	256	1.328,1.445,1.438	1.404
lime_terracotta.png	16x16	103,117,52,0	256	2.592,2.073,1.972	2.212
diorite.png	16x16	188,188,188,0	256	34.468,34.821,34.928	34.739
observer_back.png	16x16	71,69,69,0	256	28.497,29.800,29.791	29.363
magenta_concrete.png	16x16	169,48,159,0	256	0.916,1.021,0.909	0.949
oak_planks.png	16x16	162,130,78,0	256	28.509,24.517,17.909	23.645
nether_wart_stage2.png	16x16	0,0,1,0	256	0.000,0.000,1.879	0.626
chiseled_sandstone.png	16x16	216,202,155,0	256	11.856,19.871,26.825	19.518
terracotta.png	16x16	152,94,67,0	256	2.517,1.503,1.354	1.791
prismarine_bricks.png	16x16	99,171,158,0	256	22.738,21.816,26.400	23.651
activator_rail.png	16x16	115,87,74,0	156	38.476,60.791,58.901	52.723
acacia_trapdoor.png	16x16	156,87,51,0	196	30.041,16.505,14.301	20.282
hopper_outside.png	16x16	66,65,68,0	256	16.137,15.384,13.470	14.997
polished_basalt_side.png	16x16	88,88,91,0	256	24.498,23.828,19.870	22.732
packed_ice.png	16x16	141,180,250,0	256	14.743,11.609,4.217	10.190
oak_leaves.png	16x16	144,144,144,0	172	30.222,32.785,30.222	31.076
magenta_stained_glass_pane_top.png	16x16	171,73,208,12	32	4.846,2.026,5.633	4.168
stripped_crimson_stem.png	16x16	137,57,90,0	256	10.635,4.958,7.556	7.717
debug.png	16x16	133,148,152,0	256	110.623,108.508,109.504	109.545
dead_tube_coral_fan.png	16x16	128,122,118,0	79	24.849,24.942,23.511	24.434
magenta_shulker_box.png	16x16	173,54,163,0	256	13.420,8.811,12.741	11.658
quartz_block_top.png	16x16	235,229,222,0	256	5.147,5.559,8.837	6.514
wither_rose.png	16x16	41,44,23,0	37	15.152,17.718,9.466	14.112
tripwire.png	16x16	129,129,129,44	42	29.739,29.739,29.739	29.739
carved_pumpkin.png	16x16	150,84,17,0	256	68.668,55.831,18.228	47.576
jungle_door_bottom.png	16x16	158,113,78,0	256	30.053,23.897,19.713	24.554
yellow_glazed_terracotta.png	16x16	234,192,88,0	256	32.459,43.186,64.114	46.586
melon_side.png	16x16	114,146,30,0	256	44.210,22.552,2.742	23.168
item_frame.png	16x16	116,67,42,0	256	40.139,14.141,3.580	19.287
chiseled_stone_bricks.png	16x16	119,118,119,0	256	22.932,22.052,22.932	22.638
anvil_top.png	16x16	72,72,72,0	160	8.129,8.129,8.129	8.129
wheat_stage7.png	16x16	166,151,73,0	139	38.294,24.515,23.140	28.650
fletching_table_side.png	16x16	191,167,129,0	256	42.622,60.929,63.321	55.624
lectern_top.png	16x16	173,137,83,0	256	16.316,15.316,14.192	15.275
lapis_block.png	16x16	30,67,140,0	256	4.955,11.766,10.982	9.234
beetroots_stage1.png	16x16	66,138,41,0	30	17.549,23.901,2.477	14.642
red_mushroom_block.png	16x16	200,46,45,0	256	13.049,28.158,28.574	23.260
orange_wool.png	16x16	240,118,19,0	256	7.558,13.770,11.918	11.082
sandstone_top.png	16x16	223,214,170,0	256	4.064,6.306,7.241	5.870
mushroom_block_inside.png	16x16	201,170,120,0	256	9.570,8.390,5.976	7.979
stonecutter_top.png	16x16	123,118,111,0	256	16.873,19.552,33.224	23.217
birch_log.png	16x16	216,215,210,0	256	53.231,53.682,56.568	54.494
chiseled_polished_blackstone.png	16x16	53,48,56,0	256	17.237,19.957,22.936	20.043
beetroots_stage2.png	16x16	69,130,39,0	88	24.763,36.217,8.699	23.226
polished_basalt_top.png	16x16	99,98,100,0	256	23.861,24.543,21.890	23.431
brown_mushroom_block.png	16x16	149,111,81,0	256	3.105,3.606,1.551	2.754
grass_path_side.png	16x16	142,105,69,0	240	32.406,29.590,17.901	26.632
redstone_block.png	16x16	0,0,3,0	256	0.000,0.000,1.485	0.495
piston_top.png	16x16	154,127,87,0	256	37.030,38.176,46.408	40.538
dragon_egg.png	16x16	12,9,15,0	256	9.566,4.114,9.871	7.850
mossy_cobblestone.png	16x16	110,118,94,0	256	25.358,22.163,35.734	27.752
green_stained_glass_pane_top.png	16x16	97,122,48,12	32	2.822,3.609,1.244	2.558
red_wool.png	16x16	160,39,34,0	256	11.419,5.239,3.115	6.591
destroy_stage_7.png	16x16	102,102,102,0	100	46.895,46.895,46.895	46.895
flower_pot.png	16x16	124,68,53,0	50	10.666,6.253,4.751	7.223
chiseled_nether_bricks.png	16x16	47,23,28,0	256	15.604,7.816,9.033	10.818
observer_back_on.png	16x16	76,68,68,0	256	34.719,28.676,28.709	30.701
barrel_top.png	16x16	134,100,58,0	256	18.116,12.353,9.950	13.473
blue_concrete.png	16x16	44,46,143,0	256	0.606,0.606,0.602	0.605
barrel_top_open.png	16x16	92,67,34,0	256	38.810,30.567,21.819	30.399
netherrack.png	16x16	97,38,38,0	256	17.099,12.204,12.204	13.836
lantern.png	16x48	106,91,83,0	318	69.489,48.570,28.065	48.708
white_wool.png	16x16	233,236,236,0	256	13.966,12.120,11.770	12.619
polished_diorite.png	16x16	192,193,194,0	256	34.901,33.246,33.834	33.994
barrel_side.png	16x16	107,81,50,0	256	38.634,26.311,12.413	25.786
cyan_terracotta.png	16x16	86,91,91,0	256	2.000,2.005,1.794	1.933
yellow_stained_glass_pane_top.png	16x16	221,221,48,12	32	6.085,6.085,1.244	4.472
redstone_dust_dot.png	16x16	240,240,240,0	29	15.597,15.597,15.597	15.597
prismarine.png	16x64	99,156,151,0	1024	32.014,30.102,31.342	31.153
kelp.png	16x320	87,140,44,0	967	5.870,29.715,7.416	14.334
structure_block.png	16x16	88,74,90,0	256	75.727,63.725,74.944	71.465
beehive_front_honey.png	16x16	167,131,74,0	256	36.387,27.517,26.527	30.144
warped_roots.png	16x16	20,138,124,0	92	2.088,29.296,17.597	16.327
black_concrete.png	16x16	8,10,15,0	256	0.997,0.997,0.997	0.997
bubble_coral_fan.png	16x16	160,32,159,0	112	34.350,24.372,25.569	28.097
chain_command_block_back.png	16x64	130,157,145,0	1024	44.029,42.727,43.775	43.510
beehive_side.png	16x16	157,126,75,0	256	29.435,25.608,20.743	25.262
dead_fire_coral.png	16x16	136,128,124,0	109	17.925,20.247,19.853	19.342
pink_shulker_box.png	16x16	230,121,157,0	256	14.425,17.368,12.837	14.877
red_glazed_terracotta.png	16x16	181,59,53,0	256	24.212,27.276,23.757	25.082
potatoes_stage3.png	16x16	84,135,47,0	81	43.060,24.806,10.924	26.263
dark_oak_trapdoor.png	16x16	75,49,23,0	256	18.769,12.325,6.649	12.581
nether_wart_stage0.png	16x16	0,0,0,0	256	0.000,0.000,1.363	0.454
dark_oak_planks.png	16x16	66,43,20,0	256	13.977,9.547,4.724	9.416
cocoa_stage1.png	16x16	146,110,56,0	95	42.440,39.798,23.124	35.121
campfire_log.png	16x16	79,74,67,0	208	47.250,32.078,23.002	34.110
weeping_vines.png	16x16	104,1,0,0	28	13.704,1.902,0.000	5.202
tube_coral_fan.png	16x16	50,91,208,0	79	12.466,23.562,30.220	22.083
nether_gold_ore.png	16x16	115,54,42,0	256	46.274,48.899,21.857	39.010
orange_stained_glass.png	16x16	216,127,51,68	256	0.000,0.000,0.000	0.000
chain_command_block_front.png	16x64	132,165,150,0	1024	39.844,39.307,39.547	39.566
smooth_stone_slab_side.png	16x16	167,167,167,0	256	21.342,21.342,21.342	21.342
destroy_stage_8.png	16x16	101,101,101,0	129	46.772,46.772,46.772	46.772
bamboo_singleleaf.png	16x16	100,138,35,0	12	25.052,25.631,21.341	24.008
grass_path_top.png	16x16	148,121,65,0	256	9.952,9.567,4.109	7.876
smoker_top.png	16x16	84,82,80,0	256	33.141,33.143,34.481	33.589
brown_terracotta.png	16x16	77,51,35,0	256	1.313,1.589,1.076	1.326
dead_brain_coral_fan.png	16x16	132,125,121,0	95	22.572,23.212,22.334	22.706
sandstone.png	16x16	216,203,155,0	256	11.062,18.918,24.852	18.277
grindstone_side.png	16x16	139,139,139,0	144	21.663,21.663,21.663	21.663
bee_nest_side.png	16x16	196,150,77,0	256	45.195,46.032,23.999	38.409
dried_kelp_side.png	16x16	38,48,29,0	256	26.405,25.456,23.973	25.278
oak_trapdoor.png	16x16	124,99,56,0	220	35.228,26.486,18.028	26.581
chipped_anvil_top.png	16x16	72,72,72,0	160	14.522,14.206,14.206	14.312
cyan_wool.png	16x16	21,137,145,0	256	0.432,10.703,5.782	5.639
composter_compost.png	16x16	88,61,23,0	144	17.974,11.157,2.890	10.674
crimson_planks.png	16x16	101,48,70,0	256	24.976,10.758,15.736	17.157
bamboo_stalk.png	16x16	93,144,19,0	256	23.370,27.072,27.528	25.990
command_block_front.png	16x64	181,136,108,0	1024	36.274,38.140,52.000	42.138
light_blue_wool.png	16x16	58,175,217,0	256	12.654,17.514,9.462	13.210
fern.png	16x16	124,124,124,0	89	26.844,24.953,26.844	26.214
grindstone_round.png	16x16	142,142,142,0	96	20.618,20.618,20.618	20.618
green_concrete.png	16x16	73,91,36,0	256	0.580,0.673,0.574	0.609
bee_nest_front.png	16x16	183,141,76,0	256	55.317,50.679,23.027	43.008
cauldron_bottom.png	16x16	40,40,44,0	84	3.338,3.338,3.546	3.408
black_stained_glass_pane_top.png	16x16	24,24,24,12	32	0.793,0.793,0.793	0.793
structure_block_corner.png	16x16	68,57,69,0	256	63.509,53.018,63.053	59.860
crafting_table_top.png	16x16	119,73,42,0	256	55.418,36.036,22.129	37.861
sea_lantern.png	16x80	172,199,190,0	1280	59.136,41.270,43.293	47.900
gray_glazed_terracotta.png	16x16	83,90,93,0	256	33.359,33.434,32.587	33.127
jungle_door_top.png	16x16	163,119,84,0	226	35.057,27.848,22.351	28.418
carrots_stage0.png	16x16	44,110,39,0	17	11.331,13.819,2.418	9.189
blue_orchid.png	16x16	47,162,168,0	44	20.559,21.488,98.668	46.905
chorus_flower_dead.png	16x16	96,61,94,0	256	29.824,35.777,26.347	30.649
composter_top.png	16x16	152,98,51,0	112	25.232,18.619,13.900	19.251
blue_concrete_powder.png	16x16	70,73,166,0	256	5.594,6.344,8.369	6.769
green_stained_glass.png	16x16	102,127,51,68	256	0.000,0.000,0.000	0.000
piston_side.png	16x16	110,104,96,0	256	39.657,33.471,31.289	34.806
observer_top.png	16x16	98,98,98,0	256	37.625,37.625,37.625	37.625
cobblestone.png	16x16	127,127,127,0	256	29.412,29.451,29.531	29.465
turtle_egg.png	16x16	228,226,191,0	133	51.376,24.717,25.382	33.825
spruce_leaves.png	16x16	126,126,126,0	160	33.590,33.590,33.590	33.590
pink_glazed_terracotta.png	16x16	235,154,181,0	256	16.237,29.465,21.936	22.546
lime_concrete.png	16x16	94,168,24,0	256	0.968,1.089,0.787	0.948
coal_block.png	16x16	16,15,15,0	256	8.704,8.507,8.507	8.573
orange_stained_glass_pane_top.png	16x16	208,122,48,12	32	5.633,3.609,1.244	3.496
wheat_stage6.png	16x16	0,0,3,0	256	0.000,0.000,4.258	1.419
lime_stained_glass.png	16x16	127,204,25,68	256	0.000,0.000,0.000	0.000
fire_1.png	16x512	211,138,49,0	4723	24.854,62.145,85.249	57.416
warped_stem.png	16x80	58,58,77,0	1280	23.472,31.125,20.499	25.032
light_gray_wool.png	16x16	142,142,134,0	256	9.579,9.566,10.840	9.995
honeycomb_block.png	16x16	229,148,29,0	256	20.707,39.168,39.519	33.131
sand.png	16x16	219,207,163,0	256	6.262,10.536,12.521	9.773
ladder.png	16x16	124,96,54,0	144	39.300,30.806,17.085	29.063
spruce_planks.png	16x16	114,84,48,0	256	17.505,13.819,9.092	13.472
acacia_leaves.png	16x16	149,148,148,0	148	25.318,26.330,26.330	25.993
lime_wool.png	16x16	112,185,25,0	256	11.094,9.654,3.889	8.213
dirt.png	16x16	134,96,67,0	256	28.568,22.082,18.030	22.893
cut_red_sandstone.png	16x16	189,101,31,0	256	15.755,11.708,9.443	12.302
light_gray_terracotta.png	16x16	135,106,97,0	256	1.879,1.555,1.447	1.627
furnace_side.png	16x16	120,120,120,0	256	37.157,37.749,37.749	37.551
mossy_stone_bricks.png	16x16	115,121,105,0	256	20.128,17.051,30.073	22.417
diamond_ore.png	16x16	125,142,141,0	256	23.096,43.215,39.530	35.280
crimson_door_bottom.png	16x16	115,55,79,0	256	25.278,9.218,14.538	16.344
cake_bottom.png	16x16	133,62,32,0	196	11.260,5.527,3.419	6.735
black_glazed_terracotta.png	16x16	67,30,32,0	256	53.763,15.188,16.798	28.583
glowstone.png	16x16	171,131,84,0	256	58.670,65.705,63.745	62.707
blackstone_top.png	16x16	42,36,41,0	256	12.733,15.004,20.025	15.921
respawn_anchor_side0.png	16x16	39,23,62,0	256	30.301,21.008,49.989	33.766
yellow_concrete_powder.png	16x16	232,199,54,0	256	5.700,9.544,14.838	10.027
sweet_berry_bush_stage3.png	16x16	68,77,50,0	162	45.981,36.001,24.961	35.647
sea_pickle.png	16x16	90,97,39,0	216	31.513,39.822,37.980	36.438
warped_planks.png	16x16	43,104,99,0	256	13.409,28.308,29.758	23.825
mycelium_side.png	16x16	113,87,71,0	256	32.425,24.757,27.470	28.217
blast_furnace_front_on.png	16x32	115,110,105,0	512	43.336,35.562,39.082	39.326
purpur_block.png	16x16	169,125,169,0	256	15.872,19.452,15.993	17.106
yellow_wool.png	16x16	248,197,39,0	256	3.673,12.138,12.012	9.274
observer_front.png	16x16	103,103,103,0	256	54.486,54.729,54.729	54.648
cut_sandstone.png	16x16	217,206,159,0	256	9.944,16.459,22.207	16.203
lily_pad.png	16x16	133,133,133,0	150	28.267,28.267,28.267	28.267
respawn_anchor_side4.png	16x16	49,32,68,0	256	49.644,40.672,52.155	47.490
green_wool.png	16x16	84,109,27,0	256	7.397,11.420,4.256	7.691
frosted_ice_2.png	16x16	138,179,252,27	256	18.397,12.147,2.650	11.065
activator_rail_on.png	16x16	143,87,74,0	156	39.320,60.572,59.067	52.987
warped_trapdoor.png	16x16	47,119,111,0	201	9.756,26.648,27.579	21.328
ice.png	16x16	145,183,253,32	256	11.492,8.396,0.583	6.824
daylight_detector_top.png	16x16	130,116,94,0	256	67.988,65.548,65.065	66.200
piston_bottom.png	16x16	97,96,96,0	256	27.360,27.623,27.623	27.535
yellow_stained_glass.png	16x16	229,229,51,68	256	0.000,0.000,0.000	0.000
soul_fire_1.png	16x512	55,193,197,0	4492	90.405,43.435,42.516	58.785
sunflower_back.png	16x16	54,127,34,0	52	23.614,26.290,13.638	21.180
twisting_vines.png	16x16	20,143,124,0	71	2.030,31.166,17.396	16.864
cyan_stained_glass.png	16x16	76,127,153,68	256	0.000,0.000,0.000	0.000
nether_wart_stage1.png	16x16	0,0,1,0	256	0.000,0.000,1.829	0.610
jigsaw_bottom.png	16x16	34,27,37,0	256	9.706,7.742,10.957	9.469
snow.png	16x16	249,254,254,0	256	6.103,0.808,0.808	2.573
cartography_table_top.png	16x16	104,87,67,0	256	69.618,71.202,78.716	73.179
lilac_bottom.png	16x16	137,124,126,0	90	68.696,21.403,82.330	57.476
gray_stained_glass.png	16x16	76,76,76,68	256	0.000,0.000,0.000	0.000
destroy_stage_1.png	16x16	98,98,98,0	10	48.541,48.541,48.541	48.541
end_portal_frame_side.png	16x16	150,162,122,0	208	84.816,70.970,41.867	65.884
horn_coral_block.png	16x16	216,199,66,0	256	15.996,28.395,8.404	17.598
soul_campfire_log_lit.png	16x64	69,106,104,0	1024	44.059,67.808,69.928	60.598
quartz_pillar.png	16x16	235,230,224,0	256	5.906,6.821,11.233	7.987
crimson_fungus.png	16x16	141,44,29,0	60	61.641,41.821,29.202	44.221
chiseled_quartz_block_top.png	16x16	231,226,217,0	256	8.345,7.844,12.378	9.522
bubble_coral_block.png	16x16	165,26,162,0	256	27.054,12.664,19.994	19.904
sponge.png	16x16	195,192,74,0	256	18.134,23.325,6.864	16.108
wheat_stage2.png	16x16	0,0,0,0	256	0.000,0.000,1.609	0.536
target_side.png	16x16	229,176,168,0	256	24.136,86.205,81.700	64.013
repeating_command_block_side.png	16x64	128,110,170,0	1024	40.680,47.109,45.949	44.579
basalt_top.png	16x16	80,81,86,0	256	28.377,26.287,21.489	25.384
grass_block_snow.png	16x16	169,150,133,0	256	54.046,74.117,86.555	71.573
quartz_pillar_top.png	16x16	235,229,222,0	256	5.935,6.892,10.982	7.936
turtle_egg_very_cracked.png	16x16	207,203,165,0	133	55.572,43.407,46.156	48.379
light_blue_stained_glass.png	16x16	102,153,216,68	256	0.000,0.000,0.000	0.000
conduit.png	16x16	159,139,113,0	144	39.013,37.697,41.249	39.320
fire_0.png	16x512	211,140,53,0	4492	25.545,64.024,89.160	59.576
bell_top.png	16x16	253,235,110,0	64	7.715,21.206,45.960	24.960
orange_concrete_powder.png	16x16	227,131,31,0	256	6.691,11.783,11.949	10.141
brown_mushroom.png	16x16	153,116,92,0	34	42.371,31.967,25.869	33.403
stripped_dark_oak_log_top.png	16x16	65,44,22,0	256	10.707,5.315,3.830	6.617
respawn_anchor_top.png	16x512	76,23,150,17	8192	29.907,22.929,56.442	36.426
oak_sapling.png	16x16	77,106,40,0	111	30.793,40.977,15.233	29.001
gray_wool.png	16x16	62,68,71,0	256	5.062,6.513,6.225	5.933
carrots_stage2.png	16x16	56,113,37,0	82	25.422,25.445,7.149	19.339
orange_shulker_box.png	16x16	234,106,8,0	256	14.188,10.518,6.914	10.540
jungle_log_top.png	16x16	149,109,70,0	256	38.515,25.186,27.084	30.262
purple_glazed_terracotta.png	16x16	109,48,152,0	256	40.429,16.292,57.812	38.178
bamboo_large_leaves.png	16x16	72,117,25,0	186	19.902,32.306,5.555	19.254
cyan_stained_glass_pane_top.png	16x16	73,122,147,12	32	2.026,3.609,4.052	3.229
spawner.png	16x16	36,46,62,0	176	14.311,22.268,23.779	20.119
weeping_vines_plant.png	16x16	132,16,12,0	115	43.064,26.081,21.447	30.197
smooth_stone.png	16x16	158,158,158,0	256	18.056,18.056,18.056	18.056
magma.png	16x48	142,63,31,0	768	68.813,41.378,16.008	42.066
light_blue_glazed_terracotta.png	16x16	94,164,208,0	256	77.697,65.719,34.989	59.468
nether_wart_block.png	16x16	114,2,2,0	256	18.871,7.449,7.505	11.275
destroy_stage_4.png	16x16	102,102,102,0	41	47.229,47.229,47.229	47.229
furnace_front_on.png	16x16	121,112,93,0	256	70.846,61.737,60.605	64.396
dead_bubble_coral.png	16x16	132,124,120,0	133	20.881,21.344,20.255	20.827
rose_bush_top.png	16x16	131,66,37,0	93	81.703,34.034,12.892	42.876
note_block.png	16x16	88,58,40,0	256	37.760,20.691,15.029	24.493
cocoa_stage2.png	16x16	156,94,43,0	132	44.335,43.566,34.311	40.737
granite.png	16x16	149,103,85,0	256	24.139,20.626,19.657	21.474
jungle_log.png	16x16	85,67,25,0	256	17.116,12.682,5.865	11.888
rail.png	16x16	125,111,88,0	144	29.337,33.529,46.332	36.399
netherite_block.png	16x16	66,61,63,0	256	14.340,15.616,16.687	15.548
anvil.png	16x16	68,68,68,0	256	9.512,9.512,9.512	9.512
birch_sapling.png	16x16	127,160,79,0	98	47.679,34.575,45.912	42.722
fletching_table_front.png	16x16	173,155,111,0	256	51.307,52.675,47.424	50.469
pumpkin_stem.png	16x16	0,0,0,0	256	0.000,0.000,0.975	0.325
red_sand.png	16x16	190,102,33,0	256	10.761,6.932,4.409	7.367
beehive_end.png	16x16	180,146,90,0	256	12.941,10.603,9.329	10.958
iron_ore.png	16x16	136,130,127,0	256	29.089,18.548,13.870	20.502
campfire_fire.png	16x128	219,158,58,0	999	25.180,60.679,65.493	50.450
red_stained_glass.png	16x16	153,51,51,51	256	0.000,0.000,0.000	0.000
horn_coral.png	16x16	209,186,62,0	100	18.110,33.063,9.814	20.329
stone_bricks.png	16x16	122,121,122,0	256	19.304,18.257,19.304	18.955
daylight_detector_inverted_top.png	16x16	106,109,112,0	256	53.015,61.025,75.934	63.325
red_sandstone_bottom.png	16x16	185,98,28,0	256	16.511,12.543,10.460	13.171
gold_block.png	16x16	246,208,61,0	256	14.919,28.184,28.789	23.964
stone.png	16x16	125,125,125,0	256	10.818,10.818,10.818	10.818
light_gray_concrete_powder.png	16x16	154,154,148,0	256	9.659,9.639,10.306	9.868
blue_wool.png	16x16	53,57,157,0	256	5.186,8.078,9.345	7.536
respawn_anchor_top_off.png	16x16	33,21,52,0	256	30.407,21.739,48.580	33.575
repeater_on.png	16x16	169,157,156,0	256	29.624,47.970,47.515	41.703
warped_wart_block.png	16x16	22,119,121,0	256	1.861,17.809,14.862	11.511
stripped_acacia_log_top.png	16x16	166,91,51,0	256	14.426,6.938,5.391	8.918
purpur_pillar_top.png	16x16	0,0,2,0	256	0.000,0.000,1.826	0.609
acacia_planks.png	16x16	168,90,50,0	256	19.368,11.866,7.171	12.801
destroy_stage_6.png	16x16	101,101,101,0	70	46.854,46.854,46.854	46.854
dead_fire_coral_fan.png	16x16	124,118,114,0	105	25.492,24.382,22.814	24.230
purpur_pillar.png	16x16	171,129,171,0	256	17.450,21.553,17.594	18.866
brown_wool.png	16x16	114,71,40,0	256	10.337,7.343,5.574	7.752
debug2.png	16x16	123,119,117,0	256	112.971,120.509,123.921	119.134
blue_glazed_terracotta.png	16x16	47,64,139,0	256	13.615,37.728,56.671	36.005
glass_pane_top.png	16x16	211,239,244,0	32	33.775,16.759,15.988	22.174
smoker_front.png	16x16	87,75,57,0	256	40.692,38.018,39.183	39.298
crafting_table_side.png	16x16	128,102,63,0	256	61.189,53.052,37.594	50.612
dandelion.png	16x16	147,172,43,0	32	101.868,48.843,28.229	59.647
end_portal_frame_eye.png	16x16	35,70,62,0	96	37.015,44.792,30.262	37.356
polished_andesite.png	16x16	132,134,133,0	256	21.999,20.953,20.011	20.988
comparator_on.png	16x16	175,161,159,0	256	32.404,49.958,48.630	43.664
sandstone_bottom.png	16x16	215,202,154,0	256	10.166,17.623,22.823	16.870
composter_ready.png	16x16	116,93,56,0	144	46.212,50.901,46.846	47.987
tube_coral.png	16x16	47,83,197,0	153	14.462,23.576,39.242	25.760
carrots_stage3.png	16x16	81,123,37,0	111	58.268,27.319,7.394	30.994
nether_bricks.png	16x16	0,0,3,0	256	0.000,0.000,1.872	0.624
sunflower_top.png	16x16	49,129,27,0	31	24.827,19.010,17.628	20.488
powered_rail_on.png	16x16	154,109,74,0	172	47.062,58.292,54.093	53.149
dispenser_front_vertical.png	16x16	98,97,97,0	256	31.585,31.951,31.951	31.829
dropper_front_vertical.png	16x16	97,96,96,0	256	31.706,32.049,32.049	31.934
detector_rail_on.png	16x16	137,103,89,0	156	37.894,49.739,52.956	46.863
spruce_sapling.png	16x16	44,60,36,0	83	13.635,22.726,16.230	17.530
enchanting_table_bottom.png	16x16	15,10,24,0	256	17.236,12.370,25.027	18.211
white_terracotta.png	16x16	209,178,161,0	256	1.630,2.619,1.471	1.907
chorus_flower.png	16x16	151,120,151,0	256	67.766,77.720,68.500	71.329
black_terracotta.png	16x16	37,22,16,0	256	0.889,1.011,0.939	0.946
piston_inner.png	16x16	97,97,97,0	256	34.430,34.604,34.604	34.546
bone_block_side.png	16x16	229,225,207,0	256	4.163,4.568,5.681	4.804
lever.png	16x16	111,93,67,0	20	35.646,31.216,32.242	33.035
grass_block_side_overlay.png	16x16	154,154,154,0	45	15.617,15.617,15.617	15.617
warped_door_top.png	16x16	44,126,120,0	256	11.599,30.996,30.580	24.392
pink_concrete_powder.png	16x16	228,153,181,0	256	7.343,16.931,12.633	12.302
pink_stained_glass.png	16x16	242,127,165,68	256	0.000,0.000,0.000	0.000
light_blue_concrete_powder.png	16x16	74,180,213,0	256	10.876,12.984,7.636	10.499
stripped_jungle_log.png	16x16	171,132,84,0	256	14.006,6.282,10.451	10.246
jukebox_side.png	16x16	0,0,4,0	256	0.000,0.000,2.397	0.799
bedrock.png	16x16	85,85,85,0	256	38.115,38.115,38.115	38.115
oak_log.png	16x16	109,85,50,0	256	26.791,20.746,12.326	19.954
magenta_terracotta.png	16x16	149,88,108,0	256	2.474,2.287,1.864	2.208
red_mushroom.png	16x16	216,75,67,0	32	33.095,78.983,65.725	59.267
light_blue_shulker_box.png	16x16	49,163,212,0	256	9.730,17.199,7.702	11.544
smoker_bottom.png	16x16	107,105,103,0	256	24.598,26.192,29.426	26.738
stripped_dark_oak_log.png	16x16	96,76,49,0	256	8.982,5.787,2.637	5.802
pink_stained_glass_pane_top.png	16x16	233,122,159,12	32	6.534,3.609,4.510	4.884
light_blue_concrete.png	16x16	35,137,198,0	256	0.853,0.902,1.081	0.946
crimson_stem_top.png	16x16	107,51,74,0	256	24.484,9.490,14.737	16.237
farmland.png	16x16	143,102,70,0	256	31.172,23.022,16.492	23.562
bamboo_small_leaves.png	16x16	71,113,26,0	83	22.608,37.973,5.689	22.090
hay_block_top.png	16x16	165,139,12,0	256	19.872,19.059,3.984	14.305
oxeye_daisy.png	16x16	179,202,143,0	51	83.857,43.275,101.248	76.126
pink_concrete.png	16x16	213,101,142,0	256	0.741,0.939,0.928	0.869
dead_tube_coral_block.png	16x16	130,123,119,0	256	21.415,21.093,19.742	20.750
sweet_berry_bush_stage0.png	16x16	42,89,56,0	53	14.105,23.747,15.833	17.895
spruce_log_top.png	16x16	108,80,46,0	256	19.645,15.322,9.531	14.833
iron_trapdoor.png	16x16	0,0,3,0	256	0.000,0.000,1.783	0.594
green_glazed_terracotta.png	16x16	117,142,67,0	256	43.775,40.123,65.550	49.816
blast_furnace_top.png	16x16	80,80,81,0	256	14.961,15.231,14.367	14.853
fire_coral_block.png	16x16	163,35,46,0	256	30.678,8.639,6.212	15.176
honey_block_side.png	16x16	250,188,57,33	256	3.204,22.098,37.136	20.813
redstone_lamp_on.png	16x16	142,101,60,0	256	82.219,68.735,50.734	67.230
emerald_block.png	16x16	42,203,87,0	256	34.878,30.608,41.488	35.658
birch_door_bottom.png	16x16	208,194,144,0	256	27.487,31.193,39.171	32.617
soul_sand.png	16x16	81,62,50,0	256	19.579,15.856,13.648	16.361
scaffolding_bottom.png	16x16	208,181,100,0	112	23.425,24.584,24.980	24.330
horn_coral_fan.png	16x16	205,183,61,0	94	15.066,26.275,7.631	16.324
attached_pumpkin_stem.png	16x16	139,139,139,0	33	39.898,39.898,39.898	39.898
red_stained_glass_pane_top.png	16x16	147,48,48,12	32	4.052,1.244,1.244	2.180
tall_grass_top.png	16x16	151,149,151,0	90	21.034,20.141,21.034	20.736
lime_glazed_terracotta.png	16x16	162,197,55,0	256	61.264,27.914,51.185	46.788
frosted_ice_1.png	16x16	139,180,252,30	256	18.010,11.849,2.129	10.663
white_concrete.png	16x16	207,213,214,0	256	0.833,0.808,0.816	0.819
beehive_front.png	16x16	159,128,77,0	256	29.763,25.608,20.293	25.221
warped_nylium.png	16x16	43,114,101,0	256	25.876,22.663,22.337	23.625
light_gray_concrete.png	16x16	125,125,115,0	256	0.730,0.730,0.730	0.730
melon_top.png	16x16	111,144,30,0	256	40.238,20.814,3.213	21.421
quartz_block_side.png	16x16	235,229,222,0	256	5.147,5.559,8.837	6.514
birch_leaves.png	16x16	130,129,130,0	144	20.212,21.899,20.137	20.749
stripped_birch_log.png	16x16	196,176,118,0	256	9.817,11.521,9.836	10.391
enchanting_table_top.png	16x16	128,75,85,0	256	41.787,92.639,76.712	70.379
destroy_stage_0.png	16x16	108,108,108,0	4	54.271,54.271,54.271	54.271
redstone_dust_line0.png	16x16	240,240,240,0	20	15.778,15.778,15.778	15.778
comparator.png	16x16	166,161,159,0	256	39.383,49.756,48.808	45.982
tnt_side.png	16x16	182,88,84,0	256	51.186,77.963,81.331	70.160
acacia_sapling.png	16x16	118,117,23,0	111	12.911,24.826,7.929	15.222
dark_oak_door_bottom.png	16x16	73,49,23,0	256	20.474,15.088,11.371	15.644
turtle_egg_slightly_cracked.png	16x16	218,214,177,0	133	53.206,36.358,38.800	42.788
pink_tulip.png	16x16	99,157,78,0	41	77.161,28.387,93.962	66.503
light_blue_stained_glass_pane_top.png	16x16	97,147,208,12	32	2.822,4.052,5.633	4.169
magenta_glazed_terracotta.png	16x16	208,100,191,0	256	24.562,43.603,18.318	28.828
warped_door_bottom.png	16x16	43,118,112,0	256	10.895,29.108,29.876	23.293
cracked_polished_blackstone_bricks.png	16x16	43,37,43,0	256	16.844,19.127,23.215	19.729
respawn_anchor_side2.png	16x16	44,28,65,0	256	42.299,34.542,51.875	42.905
soul_soil.png	16x16	75,57,46,0	256	16.093,12.467,10.425	12.995
dead_brain_coral.png	16x16	133,125,120,0	112	17.673,19.851,19.749	19.091
gray_stained_glass_pane_top.png	16x16	73,73,73,12	32	2.026,2.026,2.026	2.026
brown_stained_glass.png	16x16	102,76,51,68	256	0.000,0.000,0.000	0.000
lectern_base.png	16x16	163,122,75,0	256	28.048,37.079,22.972	29.366
composter_bottom.png	16x16	116,71,32,0	256	20.756,17.252,13.852	17.287
black_wool.png	16x16	20,21,25,0	256	8.123,7.536,7.238	7.632
grindstone_pivot.png	16x16	73,45,21,0	60	13.886,8.208,3.804	8.632
melon_stem.png	16x16	153,153,153,0	35	40.801,40.801,40.801	40.801
furnace_front.png	16x16	91,91,91,0	256	53.261,53.407,53.407	53.358
dead_fire_coral_block.png	16x16	131,123,119,0	256	18.941,19.281,18.022	18.748
birch_door_top.png	16x16	220,209,176,0	256	35.252,39.963,51.498	42.238
stonecutter_bottom.png	16x16	118,117,118,0	256	21.040,20.776,21.053	20.956
end_stone.png	16x16	219,222,158,0	256	14.211,19.070,16.685	16.655
coarse_dirt.png	16x16	119,85,59,0	256	32.882,24.503,18.726	25.370
warped_nylium_side.png	16x16	72,61,59,0	256	33.666,39.785,35.090	36.180
hay_block_side.png	16x16	166,136,38,0	256	21.797,32.344,7.147	20.430
dark_oak_sapling.png	16x16	61,90,30,0	110	34.460,33.575,14.242	27.426
target_top.png	16x16	226,170,157,0	256	22.213,81.991,74.500	59.568
brown_shulker_box.png	16x16	106,66,35,0	256	9.053,6.110,4.358	6.507
chiseled_quartz_block.png	16x16	231,226,218,0	256	7.410,7.078,11.440	8.643
grass_block_side.png	16x16	126,107,65,0	256	28.276,37.590,18.180	28.015
clay.png	16x16	160,166,179,0	256	7.213,6.400,9.371	7.661
black_concrete_powder.png	16x16	25,26,31,0	256	8.424,7.846,7.197	7.822
stripped_oak_log.png	16x16	177,144,86,0	256	13.612,12.301,9.951	11.955
iron_door_top.png	16x16	193,192,192,0	208	26.932,26.541,26.541	26.671
destroy_stage_9.png	16x16	101,101,101,0	145	46.666,46.666,46.666	46.666
polished_blackstone.png	16x16	53,48,56,0	256	13.228,14.967,19.474	15.890
gray_shulker_box.png	16x16	55,58,62,0	256	7.201,8.119,8.226	7.849
cracked_stone_bricks.png	16x16	118,117,118,0	256	19.224,18.480,19.224	18.976
purple_stained_glass_pane_top.png	16x16	122,61,171,12	32	3.609,1.591,4.846	3.349
emerald_ore.png	16x16	117,136,124,0	256	40.900,35.345,31.369	35.871
lectern_sides.png	16x16	149,117,67,0	256	28.404,22.932,15.571	22.302
lava_still.png	16x320	212,90,18,0	5120	7.154,23.970,12.081	14.402
beetroots_stage0.png	16x16	65,137,41,0	15	19.338,27.279,2.928	16.515
campfire_log_lit.png	16x64	110,88,54,0	1024	74.199,50.426,30.965	51.863
frosted_ice_3.png	16x16	135,178,252,20	256	19.613,12.875,2.998	11.829
cartography_table_side3.png	16x16	69,43,20,0	256	17.421,10.739,5.059	11.073
white_glazed_terracotta.png	16x16	188,212,202,0	256	90.501,47.365,65.186	67.684
azure_bluet.png	16x16	169,204,127,0	43	79.548,39.977,92.997	70.841
white_concrete_powder.png	16x16	225,227,227,0	256	8.709,8.151,8.026	8.295
lapis_ore.png	16x16	99,110,132,0	256	46.083,27.229,21.325	31.546
blue_shulker_box.png	16x16	43,45,140,0	256	7.659,8.105,16.583	10.782
acacia_door_bottom.png	16x16	162,91,57,0	184	34.233,19.468,16.479	23.393
respawn_anchor_bottom.png	16x16	32,10,60,0	256	35.102,11.978,63.925	37.002
yellow_concrete.png	16x16	240,175,21,0	256	1.050,0.998,0.839	0.962
warped_fungus.png	16x16	74,109,87,0	50	85.271,49.590,47.485	60.782
nether_sprouts.png	16x16	19,151,133,0	31	2.204,21.443,0.486	8.044
obsidian.png	16x16	15,10,24,0	256	17.236,12.370,25.027	18.211
polished_blackstone_bricks.png	16x16	46,41,48,0	256	15.752,18.205,22.481	18.813
quartz_bricks.png	16x16	234,229,221,0	256	6.444,6.648,10.562	7.885
orange_terracotta.png	16x16	161,83,37,0	256	2.533,2.146,1.961	2.213
birch_log_top.png	16x16	193,179,135,0	256	35.501,34.892,41.255	37.216
lime_shulker_box.png	16x16	99,172,23,0	256	14.307,18.771,2.155	11.744
peony_top.png	16x16	129,126,139,0	110	99.305,55.150,106.521	86.992
spruce_door_top.png	16x16	106,80,48,0	256	22.486,17.102,16.495	18.694
furnace_top.png	16x16	110,109,109,0	256	27.023,27.700,27.700	27.474
jigsaw_top.png	16x16	80,69,81,0	256	76.754,66.521,76.213	73.163
podzol_top.png	16x16	91,63,24,0	256	20.742,11.936,3.168	11.949
rose_bush_bottom.png	16x16	97,83,37,0	179	72.659,41.782,10.578	41.673
tnt_bottom.png	16x16	166,66,53,0	256	32.097,44.270,51.802	42.723
dead_bubble_coral_fan.png	16x16	140,134,130,0	112	24.028,25.244,24.430	24.567
command_block_back.png	16x64	173,131,106,0	1024	38.497,41.700,57.802	46.000
fletching_table_top.png	16x16	197,180,133,0	256	28.651,29.319,37.003	31.658
brain_coral_block.png	16x16	207,91,159,0	256	19.889,26.764,19.141	21.931
repeating_command_block_front.png	16x64	129,111,176,0	1024	38.725,44.913,43.304	42.314
wet_sponge.png	16x16	171,181,70,0	256	22.545,21.586,8.167	17.433
dead_tube_coral.png	16x16	118,111,107,0	153	20.681,19.569,18.484	19.578
bricks.png	16x16	150,97,83,0	256	21.079,24.640,28.039	24.586
carrots_stage1.png	16x16	52,120,40,0	42	17.925,23.755,2.646	14.775
acacia_log.png	16x16	103,96,86,0	256	15.132,14.043,13.425	14.200
end_portal_frame_top.png	16x16	91,120,97,0	256	73.619,63.773,45.193	60.862
tall_seagrass_top.png	16x304	59,139,14,0	1446	14.488,12.164,17.699	14.784
dead_horn_coral_block.png	16x16	133,126,122,0	256	22.761,23.793,22.975	23.176
orange_tulip.png	16x16	93,142,30,0	41	71.716,20.774,17.836	36.776
lily_of_the_valley.png	16x16	123,174,95,0	52	73.456,44.423,89.523	69.134
wheat_stage0.png	16x16	0,0,0,0	256	0.000,0.000,0.639	0.213
damaged_anvil_top.png	16x16	72,72,72,0	160	15.683,15.353,15.353	15.463
purple_concrete_powder.png	16x16	131,55,177,0	256	8.798,5.114,7.579	7.163
dead_horn_coral.png	16x16	142,135,129,0	100	13.612,15.401,14.904	14.639
pink_terracotta.png	16x16	161,78,78,0	256	2.588,2.254,2.085	2.309
peony_bottom.png	16x16	86,101,93,0	141	88.759,49.366,94.992	77.706
redstone_torch_off.png	16x16	101,69,43,0	20	40.544,45.893,28.695	38.377
dark_oak_log_top.png	16x16	64,42,21,0	256	13.688,7.727,4.040	8.485
hopper_top.png	16x16	75,74,75,0	156	12.645,11.577,10.343	11.522
orange_glazed_terracotta.png	16x16	154,147,91,0	256	106.874,40.083,80.954	75.970
stripped_spruce_log_top.png	16x16	105,80,46,0	256	23.780,15.394,9.948	16.374
black_stained_glass.png	16x16	25,25,25,68	256	0.000,0.000,0.000	0.000
ancient_debris_top.png	16x16	94,66,58,0	256	36.011,40.934,41.296	39.414
yellow_shulker_box.png	16x16	248,188,29,0	256	5.392,10.484,6.617	7.497
repeating_command_block_conditional.png	16x64	127,109,171,0	1024	40.692,47.183,45.580	44.485
jungle_planks.png	16x16	160,115,80,0	256	28.150,22.894,19.800	23.615
green_concrete_powder.png	16x16	97,119,44,0	256	6.279,8.694,4.696	6.556
stripped_warped_stem.png	16x16	57,150,147,0	256	7.465,9.592,11.342	9.466
smithing_table_front.png	16x16	56,37,38,0	256	25.162,16.415,21.255	20.944
redstone_torch.png	16x16	171,79,44,0	26	78.919,77.219,57.214	71.117
blue_terracotta.png	16x16	74,59,91,0	256	1.219,1.620,1.156	1.332
grass.png	16x16	145,145,145,0	140	22.252,22.127,22.252	22.210
birch_trapdoor.png	16x16	207,194,157,0	256	39.119,44.399,54.951	46.156
yellow_terracotta.png	16x16	186,133,35,0	256	2.348,2.367,1.788	2.168
gravel.png	16x16	131,127,126,0	256	15.929,17.411,17.851	17.064
enchanting_table_side.png	16x16	49,46,57,0	192	62.737,84.568,74.433	73.913
bee_nest_top.png	16x16	202,160,74,0	256	53.831,59.861,29.631	47.775
brown_concrete.png	16x16	96,59,31,0	256	0.630,0.544,0.625	0.600
allium.png	16x16	158,137,183,0	38	56.649,37.201,85.875	59.908
magenta_stained_glass.png	16x16	178,76,216,68	256	0.000,0.000,0.000	0.000
blue_stained_glass_pane_top.png	16x16	48,73,171,12	32	1.244,2.026,4.846	2.705
stripped_acacia_log.png	16x16	174,92,59,0	256	11.427,3.366,2.669	5.821
purple_shulker_box.png	16x16	103,32,156,0	256	12.973,5.471,14.057	10.834
brown_glazed_terracotta.png	16x16	119,106,85,0	256	62.222,27.427,39.867	43.172
destroy_stage_5.png	16x16	102,102,102,0	55	47.047,47.047,47.047	47.047
pumpkin_side.png	16x16	195,114,24,0	256	34.432,28.754,14.725	25.970
gilded_blackstone.png	16x16	56,43,38,0	256	41.696,32.175,21.555	31.809
sunflower_front.png	16x16	246,196,54,0	52	14.801,35.778,16.629	22.403
command_block_conditional.png	16x64	178,133,105,0	1024	36.748,39.529,54.724	43.667
cornflower.png	16x16	79,121,146,0	35	24.594,26.455,82.713	44.587
mycelium_top.png	16x16	0,0,4,0	256	0.000,0.000,2.211	0.737
stripped_warped_stem_top.png	16x16	0,0,2,0	256	0.000,0.000,2.028	0.676
destroy_stage_3.png	16x16	101,101,101,0	28	47.372,47.372,47.372	47.372
polished_granite.png	16x16	154,106,89,0	256	24.343,21.068,19.909	21.773
white_tulip.png	16x16	93,164,71,0	45	63.817,35.685,79.193	59.565
hopper_inside.png	16x16	49,49,53,0	256	8.295,7.979,7.864	8.046
purple_concrete.png	16x16	100,31,156,0	256	0.651,0.687,0.693	0.677
smithing_table_top.png	16x16	57,58,70,0	256	10.551,10.936,16.168	12.552
crying_obsidian.png	16x16	32,10,60,0	256	35.102,11.978,63.925	37.002
farmland_moist.png	16x16	81,44,15,0	256	20.052,13.292,10.795	14.713
scaffolding_side.png	16x16	206,178,98,0	136	30.768,33.513,27.571	30.617
dark_prismarine.png	16x16	51,91,75,0	256	8.419,23.162,17.863	16.482
loom_top.png	16x16	142,119,91,0	256	54.411,49.426,51.990	51.942
light_gray_shulker_box.png	16x16	124,124,115,0	256	17.779,17.779,17.462	17.673
lava_flow.png	32x512	207,91,19,0	16384	7.536,23.736,13.047	14.773
white_shulker_box.png	16x16	215,220,221,0	256	16.036,15.337,14.933	15.436
fire_coral_fan.png	16x16	158,34,45,0	105	34.967,10.441,6.701	17.370
bone_block_top.png	16x16	209,206,179,0	256	13.759,14.222,18.082	15.354
crimson_stem.png	16x80	92,25,29,0	1280	26.667,13.220,21.472	20.453
stripped_crimson_stem_top.png	16x16	0,0,2,0	256	0.000,0.000,1.901	0.634
chiseled_red_sandstone.png	16x16	183,96,27,0	256	18.839,14.416,12.064	15.106
jungle_leaves.png	16x16	156,154,143,0	178	27.542,25.478,34.127	29.049
stripped_spruce_log.png	16x16	115,89,52,0	256	11.745,4.646,3.536	6.643
ancient_debris_side.png	16x16	95,63,55,0	256	24.153,28.260,28.638	27.017
stripped_birch_log_top.png	16x16	191,171,116,0	256	16.993,17.752,14.790	16.512
stripped_jungle_log_top.png	16x16	165,122,81,0	256	12.411,10.533,11.796	11.580
sugar_cane.png	16x16	148,192,101,0	141	28.827,29.504,35.693	31.341
spruce_log.png	16x16	58,37,16,0	256	11.723,9.499,5.950	9.057
warped_stem_top.png	16x16	57,103,103,0	256	11.470,40.252,34.232	28.651
gold_ore.png	16x16	143,140,125,0	256	46.066,39.792,31.471	39.110
crimson_roots_pot.png	16x16	127,8,41,6	63	33.999,4.191,9.452	15.881
powered_rail.png	16x16	137,109,74,0	172	52.472,58.454,53.984	54.970
bamboo_stage0.png	16x16	92,89,35,0	55	33.278,41.109,25.255	33.214
cracked_nether_bricks.png	16x16	40,20,23,0	256	14.556,6.799,7.964	9.773
brown_concrete_powder.png	16x16	125,84,53,0	256	9.526,7.058,5.589	7.391
dark_oak_log.png	16x16	60,46,26,0	256	11.519,8.741,5.702	8.654
smoker_front_on.png	16x48	118,97,66,0	768	52.561,41.688,46.141	46.797
lodestone_side.png	16x16	119,119,123,0	256	33.846,34.486,33.821	34.051
bee_nest_bottom.png	16x16	160,127,87,0	256	38.663,36.946,26.908	34.172
lime_concrete_powder.png	16x16	125,189,41,0	256	9.285,8.134,6.475	7.965
grass_block_top.png	16x16	147,147,147,0	256	17.737,17.737,17.737	17.737
twisting_vines_plant.png	16x16	20,135,122,0	90	2.204,29.545,18.843	16.864
lodestone_top.png	16x16	147,149,152,0	256	22.178,24.336,27.688	24.734
wheat_stage4.png	16x16	0,0,1,0	256	0.000,0.000,2.672	0.891
red_concrete.png	16x16	142,32,32,0	256	0.758,0.901,0.901	0.853
blue_ice.png	16x16	116,167,253,0	256	13.975,9.835,1.204	8.338
cocoa_stage0.png	16x16	133,135,62,0	55	27.742,31.194,15.488	24.808
observer_side.png	16x16	70,68,68,0	256	27.296,27.550,27.550	27.466
magenta_wool.png	16x16	189,68,179,0	256	12.385,13.029,13.444	12.953
andesite.png	16x16	136,136,136,0	256	15.991,16.214,15.095	15.767
oak_log_top.png	16x16	151,121,73,0	256	36.142,30.414,19.852	28.803
oak_door_top.png	16x16	139,110,65,0	208	30.951,25.175,21.325	25.817
tall_grass_bottom.png	16x16	128,128,128,0	187	23.313,21.439,23.313	22.688
detector_rail.png	16x16	123,104,90,0	156	32.715,50.527,53.958	45.733
lime_stained_glass_pane_top.png	16x16	122,196,24,12	32	3.609,5.633,0.793	3.345
shulker_box.png	16x16	0,0,12,0	256	0.000,0.000,6.020	2.007
cobweb.png	16x16	228,233,234,0	105	24.047,19.969,18.365	20.794
nether_quartz_ore.png	16x16	117,65,62,0	256	41.424,54.467,49.593	48.495
chain.png	16x16	51,57,74,0	56	13.839,13.495,13.521	13.618
brewing_stand_base.png	16x16	116,105,105,0	256	13.678,13.974,13.974	13.876
spruce_door_bottom.png	16x16	105,80,48,0	256	20.173,19.025,22.415	20.538
purple_terracotta.png	16x16	118,70,86,0	256	2.662,2.117,2.136	2.305
water_flow.png	32x1024	168,168,168,37	32768	12.108,12.108,12.108	12.108
wheat_stage5.png	16x16	0,0,2,0	256	0.000,0.000,3.054	1.018
iron_door_bottom.png	16x16	195,194,194,0	256	25.040,24.702,24.702	24.814
white_stained_glass.png	16x16	255,255,255,68	256	0.000,0.000,0.000	0.000
light_blue_terracotta.png	16x16	113,108,137,0	256	2.014,1.383,1.077	1.491
cartography_table_side1.png	16x16	72,50,34,0	256	32.814,29.812,51.645	38.091
dried_kelp_top.png	16x16	50,58,38,0	256	36.542,33.461,31.220	33.741
iron_block.png	16x16	220,220,220,0	256	17.904,18.033,18.033	17.990
chain_command_block_conditional.png	16x64	129,161,147,0	1024	42.067,40.553,41.029	41.216
water_still.png	16x512	177,177,177,37	8192	17.722,17.722,17.722	17.722
chain_command_block_side.png	16x64	131,161,147,0	1024	41.875,41.281,41.559	41.572
rail_corner.png	16x16	130,115,89,0	108	30.382,33.969,46.831	37.061
scaffolding_top.png	16x16	174,134,80,0	232	35.856,39.861,23.762	33.160
structure_block_load.png	16x16	69,57,70,0	256	63.958,52.726,63.366	60.016
attached_melon_stem.png	16x16	0,0,0,0	256	0.000,0.000,0.789	0.263
cake_top.png	16x16	248,222,214,0	196	15.820,67.318,64.483	49.207
diamond_block.png	16x16	98,237,228,0	256	50.558,19.710,14.073	28.114
jigsaw_lock.png	16x16	45,38,47,0	256	45.890,41.777,45.563	44.410
spruce_trapdoor.png	16x16	103,79,47,0	256	17.424,12.666,14.404	14.831
purple_wool.png	16x16	121,42,172,0	256	13.423,9.047,12.332	11.601
dead_bubble_coral_block.png	16x16	131,123,119,0	256	18.627,19.332,18.327	18.762
podzol_side.png	16x16	122,87,57,0	256	32.732,24.437,22.724	26.631
jungle_sapling.png	16x16	47,81,16,0	86	5.987,29.953,8.949	14.963
green_shulker_box.png	16x16	79,100,31,0	256	5.342,8.250,3.332	5.642
cactus_side.png	16x16	88,130,45,0	228	27.174,26.221,24.765	26.053
large_fern_bottom.png	16x16	131,131,131,0	176	22.315,20.189,22.315	21.606
water_overlay.png	16x16	165,165,165,37	256	0.000,0.000,0.000	0.000
crimson_door_top.png	16x16	114,54,79,0	256	26.183,9.654,15.159	16.999
gray_concrete.png	16x16	54,57,61,0	256	0.533,0.533,0.533	0.533
jungle_trapdoor.png	16x16	152,110,77,0	214	33.050,24.918,19.866	25.945
dark_oak_door_top.png	16x16	76,51,25,0	256	23.572,18.847,11.183	17.867
dispenser_front.png	16x16	0,0,6,0	256	0.000,0.000,3.763	1.254
jukebox_top.png	16x16	93,64,47,0	256	38.600,20.185,12.417	23.734
purple_stained_glass.png	16x16	127,63,178,68	256	0.000,0.000,0.000	0.000
blast_furnace_side.png	16x16	107,107,107,0	256	34.118,34.467,33.976	34.187
large_fern_top.png	16x16	0,0,1,0	256	0.000,0.000,1.676	0.559
cauldron_inner.png	16x16	49,49,53,0	256	8.295,7.979,7.864	8.046
